-72.35 8.6
-72.45 7.45
-74.15 4.45
-74.3 4.35
-74.6 4.15
-74.8 4
-75.35 3.3
-75.4 3.2
-75.6 2.7
-75.65 2.55
-75.95 1.65
-76.05 1.4
-76.15 1.15
-76.3 0.7
-76.35 0.5
-76.4 0.25
-76.45 -0.2
-76.45 -0.75
-75.8 -1.85
-75.45 -2.3
-75 -3.9
-74.75 -5.2
-73.65 -7.55
-73.65 -7.75
-73.7 -8.15
-73.65 -9
-73.5 -9.3
-72.4 -10.5
-71.85 -11.1
-71.5 -11.6
-71.45 -11.7
-71.25 -12.25
-71.2 -12.45
-71.15 -12.65
-71.1 -12.85
-71 -13.2
-70.95 -13.35
-70.75 -13.95
-70.3 -15.3
-69.85 -15.75
-69.55 -15.95
-69.3 -16.1
-68.5 -16.65
-68.45 -16.7
-68.15 -17.1
-67.9 -17.6
-67.8 -17.85
-67.7 -18.1
-67.55 -18.5
-67.5 -18.65
-67.45 -18.8
-67.4 -18.95
-67.25 -19.35
-67.15 -19.6
-66.85 -20.35
-66.8 -20.5
-66.75 -20.65
-66.7 -20.8
-66.65 -21
-66.6 -21.2
-66.55 -21.45
-66.5 -21.8
-66.45 -22.3
-66.4 -22.9
-66.35 -23.3
-66.3 -23.7
-66.2 -24.4
-66.15 -24.7
-66.1 -25
-66.05 -25.55
-66.05 -25.6
-66.05 -25.65
-66 -26.45
-65.95 -26.75
-65.9 -26.95
-65.85 -27.1
-65.6 -27.6
-65.4 -27.9
-64.95 -28.75
-64.9 -29
-64.85 -29.95
-64.85 -30
-64.85 -30.9
-64.95 -31.35
-65 -31.5
-65.25 -32
-66.1 -32.85
-66.45 -33.1
-66.8 -33.35
-67.25 -33.7
-67.7 -34.15
-68.1 -34.65
-68.45 -35.1
-68.65 -35.35
-68.9 -35.65
-69.2 -36
-69.8 -37.05
-70.3 -39.4
-70.65 -40.75
-70.7 -41.05
