-73.8 10.45
-73.8 10.4
-73.8 10.35
-73.8 9.75
-73.8 9.7
-73.8 9.65
-73.8 9.6
-73.8 9.55
-73.85 8.1
-73.85 8.05
-73.85 8
-73.9 7.65
-73.9 7.6
-73.95 7.35
-74 7.15
-74.1 6.85
-74.15 6.7
-74.2 6.6
-74.25 6.5
-74.35 6.35
-74.4 6.3
-74.55 6.15
-74.7 6.05
-74.85 6
-75.1 5.95
-75.05 5.95
-75.3 5.9
-75.45 5.85
-75.6 5.8
-76.15 5.3
-76.3 5.05
-76.35 4.95
-76.4 4.85
-76.45 4.75
-76.5 4.65
-76.85 3.8
-77 3.4
-77.1 3.15
-77.35 2.65
-77.95 1.85
-78 1.8
-78.3 1.45
-78.5 1.2
-78.8 0.75
-78.95 0.5
-79.1 0.25
-79.15 0.15
-79.3 -0.15
-79.35 -0.25
-79.5 -0.7
-79.55 -0.9
-79.55 -1.85
-79.55 -1.9
-79.5 -2.1
-79.45 -2.3
-79.4 -2.45
-79.35 -2.65
-79.3 -2.8
-79.25 -2.95
-79.25 -3
-79.2 -3.15
-79.2 -3.2
-79.2 -3.25
-79.2 -3.3
-79.2 -3.35
-79.2 -3.4
-79.2 -3.45
-79.25 -3.6
-79.25 -3.65
-79.3 -3.8
-79.35 -3.95
-79.4 -4.1
-79.45 -4.25
-79.45 -4.3
-79.5 -4.55
-79.5 -4.6
-79.5 -4.65
-79.5 -4.7
-79.5 -4.75
-79.5 -4.8
-79.5 -4.85
-79.5 -4.9
-79.5 -4.95
-79.5 -5
-79.5 -5.05
-79.45 -5.3
-79.45 -5.35
-79.4 -5.5
-79.35 -5.65
-79.3 -5.8
-79.25 -5.9
-79.2 -6
-79.15 -6.1
-79.1 -6.2
-79.05 -6.3
-79 -6.45
-78.95 -6.55
-78.9 -6.7
-78.85 -6.85
-78.8 -7
-78.8 -7.05
-78.75 -7.2
-78.75 -7.25
-78.7 -7.4
-78.7 -7.45
-78.65 -7.6
-78.65 -7.65
-78.6 -7.8
-78.55 -7.9
-78.55 -7.95
-78.5 -8.05
-78.45 -8.15
-78.4 -8.3
-78.35 -8.4
-78.3 -8.45
-78.25 -8.55
-78.2 -8.65
-78.15 -8.75
-78.1 -8.85
-78.05 -8.95
-78 -9.05
-77.95 -9.15
-77.9 -9.3
-77.85 -9.4
-77.8 -9.5
-77.75 -9.65
-77.7 -9.75
-77.6 -10
-77.55 -10.1
-77.5 -10.2
-77.45 -10.3
-77.4 -10.4
-77.25 -10.65
-77.15 -10.8
-77.05 -10.95
-76.95 -11.1
-76.9 -11.15
-76.8 -11.3
-76.75 -11.35
-76.55 -11.6
-76.5 -11.65
-75.75 -12.4
-75.7 -12.45
-75.65 -12.5
-75.5 -12.6
-75.45 -12.65
-75.4 -12.7
-75.3 -12.75
-75.25 -12.8
-75.2 -12.8
-75.15 -12.85
-75.1 -12.85
-75.05 -12.9
-75 -12.9
-74.95 -12.9
-74.9 -12.9
-74.85 -12.9
-74.8 -12.9
-74.75 -12.9
-74.7 -12.9
-74.65 -12.9
-74.6 -12.9
-74.55 -12.9
-74.5 -12.9
-74.9 -12.95
-74.85 -12.95
-74.8 -12.95
-74.75 -12.95
-74.7 -12.95
-74.65 -12.95
-74.6 -12.95
-74.55 -12.95
-74.5 -12.95
-74.45 -12.95
-74.4 -12.95
-74.5 -13
-74.45 -13
-74.4 -13
-74.35 -13
-74.4 -13.05
-74.35 -13.05
-74.4 -13.1
-74.35 -13.1
-74.3 -13.1
-74.35 -13.15
-74.3 -13.15
-74.35 -13.2
-74.35 -13.25
-74.4 -13.3
-74.35 -13.3
-74.4 -13.35
-74.35 -13.35
-74.4 -13.4
-74.4 -13.45
-74.4 -13.5
-74.45 -13.55
-74.4 -13.55
-74.45 -13.6
-74.45 -13.65
-74.45 -13.7
-74.45 -13.75
-74.45 -13.8
-74.45 -13.85
-74.45 -13.9
-74.45 -13.95
-74.45 -14
-74.4 -14.1
-74.4 -14.15
-74.4 -14.2
-74.35 -14.3
-74.3 -14.4
-74.25 -14.5
-74.2 -14.55
-74.15 -14.65
-74.1 -14.7
-74.05 -14.75
-73.85 -14.95
-73.8 -15
-73.75 -15.05
-73.6 -15.15
-73.45 -15.25
-73.35 -15.3
-73.2 -15.4
-73.1 -15.45
-73.05 -15.5
-72.9 -15.6
-72.85 -15.65
-72.8 -15.7
-72.75 -15.75
-72.7 -15.8
-72.65 -15.85
-72.6 -15.9
-72.55 -15.95
-71.7 -16.8
-71.45 -17
-71.1 -17.25
-70.95 -17.35
-70.75 -17.5
-70.25 -18
-70.1 -18.2
-70 -18.35
-69.85 -18.6
-69.8 -18.7
-69.75 -18.8
-69.7 -18.9
-69.65 -19
-69.6 -19.1
-69.5 -19.35
-69.4 -19.6
-69.35 -19.75
-69.3 -19.95
-69.25 -20.1
-69.2 -20.35
-69.15 -20.55
-69.15 -20.6
-69.1 -20.9
-69.05 -21.25
-69.05 -21.3
-69 -21.6
-69 -21.65
-68.95 -21.95
-68.95 -22
-68.9 -22.3
-68.9 -22.35
-68.85 -22.7
-68.85 -22.75
-68.85 -22.8
-68.8 -23.2
-68.8 -23.25
-68.8 -23.3
-68.8 -23.35
-68.8 -23.4
-68.8 -23.45
-68.8 -23.5
-68.8 -23.55
-68.8 -23.6
-68.8 -23.65
-68.8 -23.7
-68.8 -23.75
-68.8 -23.8
-68.8 -23.85
-68.8 -23.9
-68.85 -24.2
-68.85 -24.25
-68.85 -24.3
-68.9 -24.55
-68.9 -24.6
-68.95 -24.75
-68.95 -24.8
-68.95 -24.85
-69 -25
-69 -25.05
-69.05 -25.2
-69.1 -25.35
-69.1 -25.4
-69.15 -25.55
-69.15 -25.6
-69.2 -25.75
-69.25 -25.9
-69.3 -26.05
-69.3 -26.1
-69.35 -26.2
-69.35 -26.25
-69.4 -26.35
-69.4 -26.4
-69.45 -26.55
-69.5 -26.7
-69.55 -26.85
-69.55 -26.9
-69.6 -27.1
-69.65 -27.35
-69.65 -27.4
-69.7 -27.65
-69.7 -27.7
-69.75 -27.95
-69.75 -28
-69.8 -28.2
-69.8 -28.25
-69.85 -28.4
-69.85 -28.45
-69.9 -28.6
-69.9 -28.65
-69.95 -28.8
-70 -28.95
-70 -29
-70.05 -29.1
-70.05 -29.15
-70.1 -29.3
-70.15 -29.45
-70.2 -29.6
-70.25 -29.75
-70.25 -29.8
-70.3 -29.95
-70.35 -30.15
-70.4 -30.3
-70.45 -30.5
-70.5 -30.75
-70.55 -31.05
-70.55 -31.1
-70.55 -31.7
-70.55 -31.75
-70.5 -32.1
-70.5 -32.15
-70.45 -32.6
-70.45 -32.65
-70.45 -32.7
-70.45 -32.75
-70.45 -32.8
-70.45 -32.85
-70.45 -32.9
-70.45 -32.95
-70.45 -33
-70.45 -33.05
-70.5 -33.4
-70.5 -33.45
-70.55 -33.65
-70.7 -34.1
-70.8 -34.35
-70.95 -34.7
-71.1 -35.05
-71.15 -35.15
-71.3 -35.5
-71.4 -35.75
-71.45 -35.85
-71.55 -36.1
-71.65 -36.35
-71.7 -36.5
-71.75 -36.65
-71.8 -36.8
-71.85 -36.95
-72 -37.55
-72.05 -37.8
-72.1 -38.1
-72.2 -38.6
-72.25 -38.8
-72.3 -38.95
-72.35 -39.1
-72.4 -39.25
-72.45 -39.4
-72.55 -39.8
-72.6 -40.15
-72.6 -40.2
-72.6 -40.25
-72.6 -40.3
-72.65 -41.4
-72.65 -41.45
-72.7 -41.8
-72.75 -42.1
-72.8 -42.35
-72.85 -42.65
-72.9 -42.95
-72.9 -43
-72.95 -43.35
-72.95 -43.4
-73 -43.8
-73 -43.85
-73.05 -44.2
