-72.7 2.8
-72.75 2.6
-72.9 2
-72.95 1.8
-73.15 0.9
-73.25 0.35
-73.4 -0.95
-73.45 -2.6
-73.45 -2.65
-73.45 -2.7
-73.45 -2.75
-73.45 -2.95
-73.45 -3
-73.45 -3.05
-73.2 -4.3
-71 -10
-70.9 -10.3
-70.8 -10.55
-69.95 -12.55
-69.3 -13.6
-69.25 -13.65
-67.95 -14.35
-67.25 -14.6
-65.55 -15.7
-65.3 -16.05
-65.15 -16.3
-65 -16.6
-64.75 -17.2
-64.7 -17.35
-64.6 -17.7
-64.5 -18.15
-64.05 -19.4
-63.95 -19.55
-63.55 -20.25
-63.45 -20.8
-63.45 -20.85
-63.45 -20.9
-63.5 -21.35
-63.6 -21.95
-63.65 -22.45
-63.65 -23.95
-63.6 -24.75
-63.55 -25.55
-63.3 -27.1
-63.2 -27.55
-63.1 -27.9
-62.1 -31.45
-62 -31.75
-61.9 -32
-61.8 -32.25
-61.65 -32.9
-61.65 -33.1
-61.7 -33.4
-61.75 -33.55
-61.8 -33.65
-61.9 -33.8
-62.2 -34.1
-62.5 -34.4
-62.85 -35.05
-62.9 -35.2
-63.35 -36.3
-63.7 -36.9
-64.3 -37.8
-64.5 -38.05
-64.9 -38.5
-64.95 -38.55
-65.15 -38.8
-65.3 -39
-65.4 -39.15
-65.5 -39.3
-65.6 -39.45
-65.7 -39.6
-65.8 -39.75
-65.9 -39.9
-65.95 -40
-66 -40.1
-66.05 -40.2
-66.1 -40.35
-66.15 -40.6
-66.15 -40.65
-66.15 -40.7
