-72.95 10.6
-72.95 10.15
-73 9.8
-73.05 9.55
-73.1 9.25
-73.15 8.95
-73.2 8.55
-73.25 8
-73.25 7.95
-73.3 7.45
-73.35 7.15
-73.55 6.5
-73.85 5.9
-74.55 5.3
-74.9 5.2
-75.35 5.05
-75.55 4.95
-76 4.55
-76.4 3.85
-76.5 3.6
-76.55 3.45
-77.1 2.15
-77.2 2
-77.35 1.8
-77.55 1.55
-77.75 1.3
-77.85 1.15
-77.95 1
-78.15 0.6
-78.2 0.5
-78.3 0.25
-78.4 0
-78.45 -0.15
-78.55 -0.4
-78.6 -0.6
-78.65 -0.8
-78.7 -1.15
-78.7 -1.2
-78.7 -1.25
-78.7 -1.3
-78.7 -1.35
-78.65 -1.6
-78.5 -1.9
-78.25 -2.15
-78.1 -2.25
-77.5 -2.55
-77.4 -2.6
-76.5 -3.05
-76.35 -3.15
-76.2 -3.3
-76.15 -3.35
-76.1 -3.45
-76.05 -3.6
-76 -4
-76 -4.05
-76 -4.1
-76 -4.15
-76 -4.2
-76 -4.25
-76 -4.3
-76 -4.35
-76 -4.4
-76 -4.45
-76 -4.5
-75.95 -4.95
-75.85 -5.45
-75.8 -5.7
-75.75 -5.9
-75.65 -6.2
-75.5 -6.5
-75.45 -6.6
-75.35 -6.75
-75.25 -6.9
-75 -7.4
-74.95 -7.55
-74.9 -7.7
-74.85 -7.95
-74.85 -8
-74.8 -8.45
-74.75 -8.75
-74.7 -8.95
-74.55 -9.4
-74.5 -9.5
-74.45 -9.6
-74.4 -9.7
-74.3 -9.85
-74.2 -10
-74.05 -10.2
-73.75 -10.55
-73.7 -10.6
-73.65 -10.65
-73.6 -10.7
-73.55 -10.75
-73.05 -11.3
-72.85 -11.55
-72.75 -11.7
-72.65 -11.85
-72.55 -12
-72.5 -12.1
-72.45 -12.2
-72.4 -12.3
-72.2 -12.9
-72.15 -13.05
-72.1 -13.2
-72 -13.45
-71.95 -13.6
-71.85 -13.9
-71.8 -14.2
-71.8 -14.25
-71.8 -14.3
-71.8 -14.35
-71.8 -14.4
-71.8 -14.45
-71.8 -14.5
-71.8 -14.55
-71.8 -14.6
-71.85 -15.15
-71.85 -15.2
-71.85 -15.25
-71.85 -15.3
-71.85 -15.35
-71.85 -15.4
-71.8 -15.7
-71.75 -15.85
-71.65 -16.05
-71.5 -16.25
-71.45 -16.3
-71.4 -16.35
-71.35 -16.4
-71.1 -16.6
-70.95 -16.7
-70.6 -16.9
-70.05 -17.25
-70 -17.3
-69.65 -17.65
-69.3 -18.15
-69.25 -18.25
-69 -18.75
-68.95 -18.85
-68.65 -19.6
-68.55 -19.85
-68.3 -20.6
-68.2 -21
-68.15 -21.2
-68.1 -21.5
-68.05 -21.75
-68 -22.05
-67.95 -22.35
-67.9 -22.6
-67.85 -22.85
-67.8 -23.1
-67.75 -23.4
-67.7 -23.75
-67.7 -23.8
-67.65 -24.8
-67.65 -24.85
-67.65 -24.9
-67.6 -25.3
-67.6 -25.35
-67.55 -25.75
-67.55 -25.8
-67.55 -25.85
-67.55 -26.3
-67.55 -26.35
-67.55 -26.4
-67.55 -26.45
-67.6 -26.8
-67.6 -26.85
-67.6 -26.9
-67.6 -26.95
-67.6 -27
-67.6 -27.05
-67.6 -27.1
-67.6 -27.15
-67.6 -27.2
-67.55 -27.4
-67.55 -27.45
-67.5 -27.6
-67.5 -27.65
-67.45 -27.8
-67.4 -27.95
-67.35 -28.1
-67.3 -28.25
-67.25 -28.35
-67.05 -28.75
-67 -28.85
-66.95 -28.95
-66.85 -29.1
-66.8 -29.2
-66.75 -29.3
-66.7 -29.4
-66.65 -29.5
-66.6 -29.6
-66.55 -29.75
-66.5 -29.95
-66.45 -30.15
-66.45 -30.2
-66.45 -30.25
-66.45 -30.8
-66.45 -30.85
-66.5 -31.05
-66.55 -31.2
-66.6 -31.3
-66.7 -31.45
-66.75 -31.5
-66.8 -31.55
-66.85 -31.6
-66.9 -31.65
-67.1 -31.8
-67.2 -31.85
-67.35 -31.95
-67.45 -32
-67.55 -32.05
-67.65 -32.1
-67.9 -32.2
-68.05 -32.25
-68.2 -32.3
-68.45 -32.35
-68.4 -32.35
-68.65 -32.4
-68.6 -32.4
-68.8 -32.45
-68.95 -32.5
-69.05 -32.55
-69.1 -32.6
-69.15 -32.65
-69.2 -32.7
-69.3 -32.85
-69.35 -32.95
-69.4 -33.05
-69.45 -33.15
-69.6 -33.5
-69.65 -33.6
-69.7 -33.7
-69.8 -33.9
-69.85 -34
-70 -34.25
-70.05 -34.35
-70.2 -34.6
-70.5 -35.2
-70.6 -35.45
-70.65 -35.6
-70.7 -35.75
-70.75 -35.9
-70.85 -36.25
-71 -36.75
-71.2 -37.35
-71.25 -37.5
-71.3 -37.7
-71.35 -37.95
-71.4 -38.15
-71.45 -38.4
-71.55 -38.8
-71.6 -39
-71.65 -39.15
-71.7 -39.3
-71.8 -39.65
-71.9 -40
-71.95 -40.25
-72 -40.6
-72 -40.65
-72.05 -41.2
-72.05 -41.25
-72.1 -41.7
-72.1 -41.75
-72.15 -42.1
-72.2 -42.4
-72.25 -42.7
-72.3 -43
-72.35 -43.35
-72.4 -43.75
-72.45 -44.1
