-73.85 10.45
-73.85 10.4
-73.85 10.35
-73.85 9.65
-73.85 9.6
-73.85 9.55
-73.85 9.5
-73.85 9.45
-73.85 9.4
-73.85 9.35
-73.85 9.3
-73.85 9.25
-73.9 7.9
-73.9 7.85
-73.95 7.55
-73.95 7.5
-74 7.3
-74.05 7.1
-74.1 6.95
-74.15 6.8
-74.2 6.7
-74.25 6.6
-74.3 6.5
-74.4 6.35
-74.45 6.3
-74.5 6.25
-74.55 6.2
-74.7 6.1
-74.85 6.05
-75.05 6
-75 6
-75.3 5.95
-75.25 5.95
-75.45 5.9
-75.75 5.75
-76.1 5.4
-76.35 5
-76.4 4.9
-76.45 4.8
-76.65 4.35
-76.75 4.1
-76.9 3.7
-77.6 2.3
-77.8 2.05
-78.15 1.65
-78.2 1.6
-78.45 1.3
-78.85 0.7
-78.95 0.55
-79.15 0.2
-79.2 0.1
-79.25 0
-79.3 -0.1
-79.35 -0.2
-79.45 -0.45
-79.5 -0.6
-79.55 -0.8
-79.6 -1.1
-79.6 -1.15
-79.6 -1.65
-79.6 -1.7
-79.55 -2.05
-79.5 -2.25
-79.45 -2.45
-79.4 -2.6
-79.35 -2.75
-79.35 -2.8
-79.3 -2.95
-79.3 -3
-79.3 -3.55
-79.3 -3.6
-79.35 -3.75
-79.35 -3.8
-79.4 -3.9
-79.4 -3.95
-79.45 -4.05
-79.45 -4.1
-79.5 -4.25
-79.5 -4.3
-79.55 -4.55
-79.55 -4.6
-79.55 -4.65
-79.55 -4.7
-79.55 -4.75
-79.55 -4.8
-79.55 -4.85
-79.55 -4.9
-79.55 -4.95
-79.55 -5
-79.55 -5.05
-79.5 -5.3
-79.5 -5.35
-79.45 -5.5
-79.45 -5.55
-79.4 -5.65
-79.4 -5.7
-79.35 -5.8
-79.3 -5.9
-79.25 -6.05
-79.2 -6.15
-79.15 -6.25
-79.1 -6.35
-79.05 -6.45
-79 -6.55
-78.95 -6.7
-78.9 -6.85
-78.85 -7
-78.8 -7.2
-78.8 -7.25
-78.75 -7.4
-78.75 -7.45
-78.7 -7.6
-78.7 -7.65
-78.65 -7.8
-78.6 -7.95
-78.55 -8.05
-78.5 -8.2
-78.45 -8.3
-78.4 -8.4
-78.35 -8.5
-78.3 -8.6
-78.25 -8.7
-78.15 -8.85
-78.1 -8.95
-78.05 -9.05
-77.95 -9.3
-77.9 -9.4
-77.85 -9.5
-77.75 -9.75
-77.7 -9.85
-77.35 -10.55
-77.3 -10.65
-77.2 -10.8
-77.1 -10.95
-77 -11.1
-76.95 -11.15
-76.85 -11.3
-76.8 -11.35
-76.6 -11.6
-76.55 -11.65
-76.2 -12.05
-76.15 -12.1
-76.1 -12.15
-76.05 -12.2
-76 -12.25
-75.95 -12.3
-75.65 -12.55
-75.6 -12.6
-75.55 -12.65
-75.5 -12.7
-75.45 -12.75
-75.35 -12.8
-75.3 -12.85
-75.25 -12.9
-75.15 -12.95
-75.1 -13
-75.05 -13
-75.05 -13.05
-75 -13.05
-74.95 -13.05
-74.95 -13.1
-74.9 -13.1
-74.85 -13.1
-74.8 -13.1
-74.85 -13.15
-74.8 -13.15
-74.75 -13.15
-74.7 -13.15
-74.75 -13.2
-74.7 -13.2
-74.65 -13.2
-74.7 -13.25
-74.65 -13.25
-74.6 -13.25
-74.65 -13.3
-74.6 -13.3
-74.65 -13.35
-74.6 -13.35
-74.65 -13.4
-74.6 -13.4
-74.6 -13.45
-74.6 -13.5
-74.6 -13.55
-74.6 -13.6
-74.6 -13.65
-74.6 -13.7
-74.6 -13.75
-74.6 -13.8
-74.55 -13.85
-74.55 -13.9
-74.55 -13.95
-74.55 -14
-74.5 -14.1
-74.5 -14.15
-74.45 -14.25
-74.4 -14.35
-74.35 -14.45
-74.25 -14.6
-74.2 -14.65
-73.8 -15.05
-73.75 -15.1
-73.6 -15.2
-73.45 -15.3
-73.35 -15.35
-73.2 -15.45
-73.05 -15.55
-72.85 -15.7
-72.8 -15.75
-72.75 -15.8
-72.7 -15.85
-72.65 -15.9
-72.6 -15.95
-72.55 -16
-72.5 -16.05
-72.45 -16.1
-71.9 -16.65
-71.85 -16.7
-71.6 -16.9
-71.2 -17.2
-70.85 -17.45
-70.5 -17.75
-70.2 -18.1
-70 -18.4
-69.85 -18.65
-69.8 -18.75
-69.75 -18.85
-69.7 -18.95
-69.65 -19.05
-69.55 -19.3
-69.5 -19.4
-69.45 -19.55
-69.4 -19.7
-69.35 -19.85
-69.3 -20.05
-69.25 -20.25
-69.2 -20.45
-69.2 -20.5
-69.15 -20.75
-69.15 -20.8
-69.1 -21.1
-69.1 -21.15
-69.05 -21.5
-69.05 -21.55
-69 -21.85
-69 -21.9
-68.95 -22.2
-68.95 -22.25
-68.95 -22.3
-68.9 -22.65
-68.9 -22.7
-68.9 -22.75
-68.85 -23.15
-68.85 -23.2
-68.85 -23.25
-68.85 -23.3
-68.85 -23.35
-68.85 -23.4
-68.85 -23.45
-68.85 -23.5
-68.85 -23.55
-68.85 -23.6
-68.85 -23.65
-68.85 -23.7
-68.85 -23.75
-68.85 -23.8
-68.85 -23.85
-68.9 -24.2
-68.9 -24.25
-68.9 -24.3
-68.95 -24.5
-68.95 -24.55
-69 -24.75
-69 -24.8
-69.05 -24.95
-69.05 -25
-69.1 -25.15
-69.1 -25.2
-69.15 -25.35
-69.2 -25.55
-69.25 -25.7
-69.25 -25.75
-69.3 -25.9
-69.35 -26.05
-69.4 -26.2
-69.4 -26.25
-69.45 -26.4
-69.5 -26.55
-69.55 -26.7
-69.6 -26.9
-69.65 -27.1
-69.65 -27.15
-69.7 -27.4
-69.7 -27.45
-69.75 -27.7
-69.75 -27.75
-69.8 -27.95
-69.8 -28
-69.85 -28.2
-69.85 -28.25
-69.9 -28.4
-69.9 -28.45
-69.95 -28.6
-69.95 -28.65
-70 -28.8
-70.05 -28.95
-70.1 -29.1
-70.1 -29.15
-70.15 -29.3
-70.2 -29.45
-70.25 -29.6
-70.25 -29.65
-70.3 -29.8
-70.35 -30
-70.4 -30.2
-70.45 -30.4
-70.5 -30.6
-70.55 -30.85
-70.55 -30.9
-70.55 -31.95
-70.5 -32.35
-70.5 -32.4
-70.5 -32.45
-70.5 -33.2
-70.5 -33.25
-70.55 -33.55
-70.65 -33.9
-70.8 -34.3
-70.95 -34.65
-71.15 -35.1
-71.3 -35.45
-71.45 -35.8
-71.55 -36.05
-71.6 -36.15
-71.65 -36.3
-71.75 -36.55
-71.8 -36.7
-71.9 -37.05
-72 -37.45
-72.05 -37.7
-72.1 -38
-72.15 -38.25
-72.2 -38.5
-72.25 -38.7
-72.35 -39.05
-72.4 -39.2
-72.45 -39.35
-72.5 -39.5
-72.55 -39.7
-72.6 -39.95
-72.6 -40
-72.65 -41.15
-72.65 -41.2
-72.7 -41.65
-72.75 -41.95
-72.8 -42.25
-72.85 -42.5
-72.9 -42.8
-72.95 -43.15
-72.95 -43.2
-73 -43.65
-73.05 -44.05
