-75.85 9.1
-75.9 9.05
-75.9 9
-75.95 8.95
-76 8.85
-76.05 8.75
-76.1 8.65
-76.15 8.6
-76.2 8.5
-76.25 8.4
-76.3 8.3
-76.35 8.15
-76.4 8
-76.45 7.85
-76.45 7.8
-76.5 7.6
-76.5 7.55
-76.55 7.2
-76.55 7.15
-76.55 7.1
-76.6 6.4
-76.6 6.35
-76.65 6.05
-76.7 5.8
-76.75 5.55
-76.8 5.35
-76.85 5.15
-77.15 4.25
-77.3 3.85
-77.45 3.5
-77.65 3.1
-77.8 2.85
-77.9 2.7
-78.05 2.5
-78.35 2.15
-78.75 1.7
-78.95 1.45
-79.1 1.25
-79.2 1.1
-79.3 0.95
-79.45 0.7
-79.85 -0.1
-79.95 -0.35
-80.2 -1.3
-80.25 -1.75
-80.25 -1.8
-80.3 -3.1
-80.3 -3.15
-80.35 -3.45
-80.4 -3.75
-80.45 -4.05
-80.5 -4.4
-80.5 -4.45
-80.5 -5.4
-80.5 -5.45
-80.45 -5.75
-80.4 -5.95
-80.35 -6.15
-80.3 -6.3
-80.25 -6.45
-80.2 -6.6
-80.1 -6.85
-80 -7.1
-79.9 -7.35
-79.8 -7.6
-79.7 -7.85
-79.6 -8.1
-79.55 -8.2
-79.4 -8.55
-79.35 -8.65
-79 -9.35
-78.85 -9.6
-78.75 -9.75
-78.65 -9.9
-78.4 -10.3
-78.25 -10.55
-78.1 -10.8
-77.85 -11.2
-77.75 -11.35
-77.65 -11.5
-77.5 -11.7
-77.35 -11.9
-77.15 -12.15
-77.1 -12.2
-76.9 -12.45
-76.85 -12.5
-76.65 -12.75
-76.5 -12.95
-76.35 -13.15
-76.25 -13.3
-76 -13.65
-75.75 -14
-75.65 -14.15
-75.55 -14.3
-75.45 -14.45
-75.3 -14.65
-74.65 -15.3
-74.6 -15.35
-74.4 -15.5
-74.2 -15.65
-74 -15.8
-73.65 -16.05
-72.85 -16.6
-72.45 -16.9
-72.25 -17.05
-72 -17.25
-71.75 -17.45
-71.5 -17.65
-70.85 -18.3
-70.65 -18.6
-70.5 -18.85
-70.45 -18.95
-70.4 -19.05
-70.35 -19.15
-70.25 -19.4
-70.1 -19.85
-70.05 -20.05
-70 -20.3
-69.95 -20.55
-69.9 -20.9
-69.85 -21.5
-69.85 -21.55
-69.85 -21.6
-69.85 -23.05
-69.85 -23.1
-69.85 -23.15
-69.85 -23.2
-69.9 -23.65
-69.9 -23.7
-69.95 -24.05
-70 -24.35
-70.05 -24.6
-70.05 -24.65
-70.1 -24.9
-70.15 -25.2
-70.2 -25.55
-70.25 -25.95
-70.25 -26
-70.3 -26.35
-70.35 -26.7
-70.4 -27
-70.45 -27.3
-70.5 -27.6
-70.55 -27.8
-70.65 -28.2
-70.95 -29.15
-71 -29.35
-71.05 -29.6
-71.1 -29.9
-71.15 -30.25
-71.15 -30.3
-71.2 -30.7
-71.2 -30.75
-71.25 -33.3
-71.25 -33.35
-71.3 -33.65
-71.35 -33.85
-71.4 -34
-71.45 -34.15
-71.5 -34.3
-71.6 -34.55
-71.65 -34.65
-72.15 -35.65
-72.2 -35.75
-72.25 -35.85
-72.3 -35.95
-72.35 -36.05
-72.45 -36.3
-72.5 -36.45
-72.55 -36.65
-72.6 -36.85
-72.65 -37.15
-72.65 -37.2
-72.7 -37.5
-72.75 -37.8
-72.8 -38.05
-72.85 -38.25
-72.9 -38.45
-72.95 -38.65
-73 -38.8
-73.05 -38.95
-73.15 -39.3
-73.2 -39.5
-73.25 -39.8
-73.25 -39.85
-73.3 -41
-73.3 -41.05
-73.35 -41.4
-73.35 -41.45
-73.4 -41.7
-73.45 -41.95
-73.5 -42.2
-73.55 -42.45
-73.6 -42.7
-73.65 -43.05
-73.65 -43.1
-73.7 -44.1
-73.7 -44.15
