-76.85 7.85
-76.85 7.8
-76.9 5.85
-77.35 4.15
-77.45 3.9
-77.6 3.55
-77.65 3.45
-77.7 3.35
-77.9 3
-78 2.85
-78.1 2.7
-78.3 2.45
-78.7 2
-78.75 1.95
-79 1.65
-79.3 1.25
-79.4 1.1
-79.5 0.95
-79.7 0.6
-79.75 0.5
-79.8 0.4
-79.85 0.3
-79.9 0.2
-80.05 -0.15
-80.35 -1.15
-80.4 -1.45
-80.45 -1.8
-80.45 -1.85
-80.5 -2.8
-80.5 -2.85
-80.55 -3.2
-80.6 -3.5
-80.65 -3.75
-80.7 -4.1
-80.75 -4.5
-80.75 -4.55
-80.75 -4.6
-80.75 -5.2
-80.75 -5.25
-80.75 -5.3
-80.7 -5.7
-80.7 -5.75
-80.65 -6
-80.55 -6.35
-80.5 -6.5
-80.45 -6.65
-80.3 -7.05
-80.2 -7.3
-80.1 -7.55
-79.95 -7.9
-79.8 -8.25
-79.6 -8.7
-79.55 -8.8
-79.5 -8.9
-79.3 -9.3
-79.25 -9.4
-79.1 -9.65
-79 -9.8
-78.9 -9.95
-78.8 -10.1
-78.7 -10.25
-78.45 -10.65
-78.35 -10.8
-78.2 -11.05
-78.1 -11.2
-78 -11.35
-77.9 -11.5
-77.8 -11.65
-77.7 -11.8
-77.55 -12
-77.35 -12.25
-77.3 -12.3
-77.1 -12.55
-76.9 -12.8
-76.75 -13
-76.6 -13.2
-76.5 -13.35
-76.35 -13.55
-76.25 -13.7
-76.1 -13.9
-75.95 -14.1
-75.85 -14.25
-75.6 -14.6
-75.4 -14.85
-74.95 -15.3
-74.9 -15.35
-74.65 -15.55
-74.45 -15.7
-74.25 -15.85
-74.05 -16
-73.85 -16.15
-73.5 -16.4
-73.35 -16.5
-73.2 -16.6
-73.05 -16.7
-72.9 -16.8
-72.7 -16.95
-72.5 -17.1
-72.3 -17.25
-72.05 -17.45
-71.8 -17.65
-71.45 -17.95
-71.4 -18
-71.35 -18.05
-71.3 -18.1
-71.25 -18.15
-71.05 -18.4
-70.85 -18.7
-70.5 -19.4
-70.35 -19.85
-70.3 -20.05
-70.25 -20.25
-70.2 -20.5
-70.15 -20.85
-70.1 -21.4
-70.1 -21.45
-70.1 -21.5
-70.1 -21.55
-70.1 -22.7
-70.1 -22.75
-70.1 -22.8
-70.1 -22.85
-70.15 -23.35
-70.15 -23.4
-70.2 -23.75
-70.2 -23.8
-70.25 -24.1
-70.3 -24.4
-70.35 -24.7
-70.4 -25
-70.4 -25.05
-70.45 -25.45
-70.45 -25.5
-70.45 -25.55
-70.5 -26.15
-70.5 -26.2
-70.55 -26.6
-70.6 -26.95
-70.65 -27.25
-70.75 -27.75
-70.8 -27.95
-70.85 -28.15
-70.9 -28.3
-70.95 -28.45
-71 -28.6
-71.05 -28.75
-71.1 -28.9
-71.2 -29.25
-71.25 -29.5
-71.3 -29.8
-71.35 -30.15
-71.35 -30.2
-71.4 -30.65
-71.4 -30.7
-71.45 -31.5
-71.45 -31.55
-71.45 -31.6
-71.45 -31.65
-71.45 -31.7
-71.45 -31.75
-71.45 -31.8
-71.45 -31.85
-71.45 -31.9
-71.45 -31.95
-71.45 -32
-71.45 -32.05
-71.45 -32.1
-71.45 -32.15
-71.45 -32.2
-71.45 -32.25
-71.45 -32.3
-71.45 -32.35
-71.45 -32.4
-71.45 -32.45
-71.45 -32.5
-71.45 -32.55
-71.45 -32.6
-71.45 -32.65
-71.45 -32.7
-71.5 -33.4
-71.5 -33.45
-71.55 -33.7
-71.75 -34.3
-71.85 -34.55
-71.9 -34.65
-71.95 -34.75
-72 -34.85
-72.05 -34.95
-72.1 -35.05
-72.15 -35.15
-72.2 -35.25
-72.35 -35.5
-72.4 -35.6
-72.6 -35.95
-72.65 -36.05
-72.75 -36.3
-72.8 -36.45
-72.85 -36.65
-72.9 -36.9
-72.9 -36.95
-72.95 -37.25
-72.95 -37.3
-73 -37.6
-73.05 -37.85
-73.05 -37.9
-73.1 -38.1
-73.15 -38.3
-73.2 -38.5
-73.25 -38.7
-73.3 -38.85
-73.35 -39.05
-73.4 -39.25
-73.45 -39.5
-73.5 -39.85
-73.5 -39.9
-73.5 -39.95
-73.55 -40.9
-73.55 -40.95
-73.6 -41.3
-73.6 -41.35
-73.65 -41.6
-73.65 -41.65
-73.7 -41.9
-73.75 -42.15
-73.8 -42.4
-73.85 -42.7
-73.9 -43.05
-73.9 -43.1
-73.9 -43.15
-73.95 -44.3
-73.95 -44.35
