-72.2 1
-72.4 0.1
-72.45 -0.15
-72.55 -0.75
-72.65 -1.4
-72.8 -3.6
-72.75 -3.8
-72.7 -3.95
-72.4 -4.5
-72.3 -4.65
-72.2 -4.8
-72.1 -4.95
-71.55 -6.05
-71.3 -7.15
-70.9 -8.8
-70.8 -9.3
-70.25 -11.15
-67.3 -13.75
-66.3 -14.05
-65.3 -14.55
-65.15 -14.65
-63.3 -18.7
-63.15 -19.05
-63.1 -19.15
-63.05 -19.25
-62.7 -19.95
-62.65 -24.2
-62.4 -25.6
-62.3 -26.9
-62.25 -27.1
-62.15 -27.55
-62.1 -27.8
-61.95 -28.6
-61.9 -28.9
-61.85 -29.25
-61.8 -29.6
-61.75 -29.85
-61.2 -32
-60.85 -34.35
-60.95 -34.6
-61 -34.7
-61.1 -34.85
-61.25 -35.05
-61.45 -35.35
-61.55 -35.65
-61.6 -36.85
-61.75 -37.35
-62.1 -38.2
-62.15 -38.55
-62.2 -39.15
-62.2 -39.2
-62.25 -39.5
-62.3 -39.7
-62.35 -39.85
-62.4 -40
-62.6 -40.45
-62.65 -40.55
-62.7 -40.65
-62.75 -40.8
-62.8 -40.95
-62.85 -41.1
