-72.85 4.15
-73.05 3.8
-73.45 2.95
-73.8 1.95
-74.15 0.25
-74.1 -1.9
-74.05 -2.4
-74 -2.95
-73.85 -4
-72.65 -6.5
-72.5 -6.9
-72.4 -7.25
-72.3 -7.75
-72.2 -8.25
-72.15 -8.4
-71.65 -9.35
-71.35 -10.1
-70.9 -11
-70.25 -12.65
-68.95 -14.6
-68.15 -15
-67.7 -15.2
-66.45 -15.85
-66.35 -15.95
-66.1 -16.3
-65.8 -16.9
-65.7 -17.15
-65.65 -17.3
-65.35 -18.3
-65.3 -18.45
-64.7 -19.8
-64.6 -19.95
-64.25 -21.45
-64.4 -22.85
-64.4 -23.95
-64.3 -24.95
-64.25 -25.75
-63.8 -27.85
-63.45 -29.15
-63.4 -29.35
-62.95 -30.7
-62.9 -30.9
-62.75 -32.85
-63.05 -33.4
-63.4 -33.85
-63.55 -34.05
-63.95 -34.6
-64.1 -34.8
-64.25 -35
-64.9 -35.85
-64.95 -35.9
-65.1 -36.05
-65.15 -36.1
-65.45 -36.35
-66.2 -37.05
-66.25 -37.1
-66.45 -37.25
-66.6 -37.35
-66.7 -37.4
-66.8 -37.45
-66.9 -37.5
-67.15 -37.6
-67.55 -37.8
-67.8 -38.05
-68 -38.5
-68.05 -38.7
-68.1 -38.9
-68.15 -39.15
-68.2 -39.5
