-77.05 7.25
-77.05 7.2
-77.05 7.15
-77 6.7
-77 6.65
-77 6.6
-77 5.95
-77 5.9
-77.05 5.5
-77.1 5.25
-77.15 5.05
-77.2 4.85
-77.25 4.7
-77.35 4.4
-77.4 4.25
-77.5 4
-77.65 3.65
-77.7 3.55
-77.75 3.45
-77.8 3.35
-78 3
-78.1 2.85
-78.25 2.65
-78.55 2.3
-78.6 2.25
-78.95 1.85
-79.75 0.7
-79.8 0.6
-79.85 0.5
-79.9 0.4
-79.95 0.3
-80.1 -0.05
-80.2 -0.3
-80.3 -0.6
-80.35 -0.75
-80.4 -0.95
-80.45 -1.2
-80.5 -1.45
-80.55 -1.8
-80.55 -1.85
-80.6 -2.65
-80.6 -2.7
-80.65 -3.05
-80.65 -3.1
-80.7 -3.35
-80.75 -3.65
-80.8 -3.9
-80.8 -3.95
-80.85 -4.3
-80.85 -4.35
-80.85 -5.5
-80.85 -5.55
-80.8 -5.9
-80.75 -6.1
-80.7 -6.3
-80.65 -6.45
-80.6 -6.6
-80.55 -6.75
-80.45 -7
-80.4 -7.15
-80.35 -7.25
-80.25 -7.5
-80.15 -7.75
-80 -8.1
-79.85 -8.45
-79.8 -8.55
-79.6 -9
-79.55 -9.1
-79.5 -9.2
-79.3 -9.55
-79.15 -9.8
-79.05 -9.95
-78.95 -10.1
-78.85 -10.25
-78.75 -10.4
-78.65 -10.55
-78.55 -10.7
-78.45 -10.85
-78.3 -11.1
-78.2 -11.25
-78.1 -11.4
-78 -11.55
-77.9 -11.7
-77.8 -11.85
-77.65 -12.05
-77.5 -12.25
-77.45 -12.3
-77.25 -12.55
-77.05 -12.8
-76.9 -13
-76.75 -13.2
-76.5 -13.55
-76.25 -13.9
-76.1 -14.1
-75.95 -14.3
-75.8 -14.5
-75.65 -14.7
-75.45 -14.95
-75.4 -15
-75.1 -15.3
-75.05 -15.35
-74.75 -15.6
-74.55 -15.75
-74.15 -16.05
-73.95 -16.2
-73.75 -16.35
-73.6 -16.45
-72.95 -16.9
-72.8 -17
-72.6 -17.15
-72.4 -17.3
-72.35 -17.35
-72.15 -17.5
-72.1 -17.55
-71.85 -17.75
-71.5 -18.05
-71.45 -18.1
-71.4 -18.15
-71.15 -18.45
-71.05 -18.6
-70.9 -18.85
-70.85 -18.95
-70.8 -19.05
-70.75 -19.15
-70.7 -19.25
-70.6 -19.5
-70.55 -19.65
-70.5 -19.8
-70.45 -19.95
-70.4 -20.15
-70.35 -20.4
-70.3 -20.7
-70.25 -21.1
-70.25 -21.15
-70.25 -21.2
-70.25 -22.8
-70.25 -22.85
-70.25 -22.9
-70.3 -23.35
-70.3 -23.4
-70.35 -23.75
-70.35 -23.8
-70.4 -24.1
-70.45 -24.4
-70.5 -24.7
-70.5 -24.75
-70.55 -25.05
-70.55 -25.1
-70.6 -25.9
-70.6 -25.95
-70.6 -26
-70.65 -26.5
-70.7 -26.85
-70.7 -26.9
-70.75 -27.2
-70.8 -27.45
-70.85 -27.7
-70.9 -27.9
-71 -28.25
-71.05 -28.4
-71.1 -28.55
-71.15 -28.7
-71.2 -28.85
-71.3 -29.2
-71.4 -29.7
-71.45 -30.05
-71.45 -30.1
-71.5 -30.5
-71.5 -30.55
-71.55 -31.25
-71.55 -31.3
-71.55 -31.35
-71.55 -31.4
-71.6 -33.1
-71.6 -33.15
-71.6 -33.2
-71.65 -33.55
-71.7 -33.75
-71.85 -34.2
-71.95 -34.45
-72 -34.55
-72.3 -35.15
-72.35 -35.25
-72.45 -35.4
-72.5 -35.5
-72.6 -35.65
-72.65 -35.75
-72.9 -36.25
-72.95 -36.4
-73 -36.6
-73.05 -36.8
-73.05 -36.85
-73.1 -37.15
-73.1 -37.2
-73.15 -37.5
-73.15 -37.55
-73.2 -37.8
-73.25 -38
-73.25 -38.05
-73.3 -38.25
-73.35 -38.45
-73.4 -38.65
-73.45 -38.85
-73.5 -39.05
-73.55 -39.25
-73.55 -39.3
-73.6 -39.55
-73.6 -39.6
-73.65 -40.1
-73.65 -40.15
-73.65 -40.2
-73.65 -40.25
-73.65 -40.3
-73.65 -40.35
-73.7 -40.95
-73.7 -41
-73.75 -41.35
-73.8 -41.65
-73.85 -41.9
-73.85 -41.95
-73.9 -42.2
-73.95 -42.45
-73.95 -42.5
-74 -42.8
-74.05 -43.35
-74.05 -43.4
-74.05 -43.45
-74.05 -43.5
-74.05 -43.55
-74.05 -43.6
-74.05 -43.65
-74.05 -43.7
-74.05 -43.75
-74.05 -43.8
-74.05 -43.85
-74.05 -43.9
-74.05 -43.95
-74.05 -44
-74.05 -44.05
-74.1 -44.5
-74.15 -44.75
