-73 4.8
-73.6 4.05
-73.8 3.8
-73.95 3.6
-74.15 3.3
-74.35 2.95
-74.4 2.85
-74.65 2.25
-74.8 1.8
-74.9 1.45
-74.95 1.25
-75.05 0.8
-75.1 0.45
-74.35 -4.2
-73.75 -5.65
-73.55 -6
-73.1 -6.95
-72.95 -7.65
-72.45 -9.3
-71.9 -10.05
-71.25 -11.05
-71 -11.5
-70.25 -13.75
-70.05 -14.2
-69.4 -15
-68.65 -15.5
-68.2 -15.75
-67.3 -16.35
-67.1 -16.55
-66.95 -16.75
-66.05 -18.85
-65.85 -19.45
-65.25 -20.85
-65.2 -21.2
-65.2 -21.85
-65.25 -22.25
-65.3 -22.6
-65.3 -23.15
-65.2 -23.75
-65.1 -24.45
-65.05 -25.55
-65 -26.05
-64.85 -26.85
-64.8 -27
-64.55 -27.6
-64.45 -27.85
-64.25 -28.45
-64.1 -29.25
-64.05 -29.55
-63.8 -30.55
-63.75 -30.8
-63.85 -32.1
-63.9 -32.25
-64.2 -32.85
-64.4 -33.15
-65.1 -33.9
-66.35 -34.5
-66.4 -34.55
-66.45 -34.6
-66.8 -35.2
-66.9 -35.45
-67.15 -35.9
-67.6 -36.25
-67.7 -36.3
-67.8 -36.35
-68.1 -36.5
-69.1 -37.95
-69.15 -38.2
-69.2 -38.45
-69.35 -39.05
-69.5 -39.6
-69.6 -40.25
