-76.4 8.65
-76.45 8.55
-76.5 8.4
-76.55 8.25
-76.6 8.1
-76.6 8.05
-76.65 7.85
-76.65 7.8
-76.7 7.5
-76.7 7.45
-76.7 7.4
-76.75 6.15
-76.8 5.8
-76.85 5.55
-76.9 5.3
-76.95 5.1
-77.25 4.2
-77.8 3
-78 2.7
-78.15 2.5
-78.5 2.1
-78.55 2.05
-78.85 1.7
-79.05 1.45
-79.2 1.25
-79.3 1.1
-79.4 0.95
-79.6 0.6
-79.85 0.1
-80 -0.25
-80.15 -0.7
-80.25 -1.1
-80.3 -1.4
-80.35 -1.8
-80.35 -1.85
-80.4 -2.95
-80.45 -3.3
-80.5 -3.6
-80.55 -3.9
-80.6 -4.2
-80.6 -4.25
-80.6 -5.55
-80.6 -5.6
-80.55 -5.85
-80.45 -6.25
-80.4 -6.4
-80.35 -6.55
-80.3 -6.7
-80.2 -6.95
-80.1 -7.2
-80 -7.45
-79.9 -7.7
-79.8 -7.95
-79.75 -8.05
-79.65 -8.3
-79.6 -8.4
-79.4 -8.85
-79.35 -8.95
-79.3 -9.05
-79.25 -9.15
-79.05 -9.5
-78.7 -10.05
-78.6 -10.2
-78.5 -10.35
-78.35 -10.6
-78.1 -11
-78 -11.15
-77.7 -11.6
-77.6 -11.75
-77.45 -11.95
-77.4 -12
-77.2 -12.25
-77 -12.5
-76.95 -12.55
-76.75 -12.8
-76.6 -13
-76.5 -13.15
-76.35 -13.35
-76.25 -13.5
-76.1 -13.7
-76 -13.85
-75.85 -14.05
-75.75 -14.2
-75.65 -14.35
-75.35 -14.75
-74.8 -15.3
-74.75 -15.35
-74.3 -15.7
-73.95 -15.95
-73.75 -16.1
-72.95 -16.65
-72.8 -16.75
-72.6 -16.9
-72.4 -17.05
-72.15 -17.25
-71.9 -17.45
-71.65 -17.65
-71.35 -17.9
-71.3 -17.95
-71.25 -18
-71.2 -18.05
-71.15 -18.1
-70.95 -18.35
-70.65 -18.8
-70.6 -18.9
-70.55 -19
-70.5 -19.1
-70.45 -19.2
-70.35 -19.45
-70.3 -19.6
-70.25 -19.75
-70.15 -20.15
-70.1 -20.4
-70.05 -20.65
-70.05 -20.7
-70 -21.05
-70 -21.1
-70 -21.15
-69.95 -22.15
-69.95 -22.2
-69.95 -22.25
-69.95 -22.3
-69.95 -22.35
-69.95 -22.4
-70 -23.25
-70 -23.3
-70 -23.35
-70.05 -23.7
-70.05 -23.75
-70.1 -24.1
-70.15 -24.4
-70.2 -24.65
-70.2 -24.7
-70.25 -24.95
-70.3 -25.3
-70.3 -25.35
-70.35 -25.8
-70.35 -25.85
-70.4 -26.3
-70.45 -26.65
-70.5 -27
-70.55 -27.3
-70.6 -27.55
-70.65 -27.8
-70.7 -28
-70.8 -28.35
-70.85 -28.5
-70.9 -28.65
-70.95 -28.8
-71 -28.95
-71.1 -29.3
-71.15 -29.55
-71.2 -29.85
-71.25 -30.25
-71.3 -30.7
-71.3 -30.75
-71.35 -33.1
-71.35 -33.15
-71.35 -33.2
-71.4 -33.55
-71.5 -33.95
-71.55 -34.1
-71.6 -34.25
-71.7 -34.5
-71.75 -34.6
-72.15 -35.4
-72.2 -35.5
-72.55 -36.2
-72.7 -36.65
-72.75 -36.9
-72.75 -36.95
-72.8 -37.25
-72.8 -37.3
-72.85 -37.6
-72.9 -37.85
-72.95 -38.1
-73 -38.3
-73.05 -38.5
-73.15 -38.85
-73.2 -39
-73.25 -39.2
-73.3 -39.4
-73.35 -39.65
-73.35 -39.7
-73.4 -40.55
-73.4 -40.6
-73.4 -40.65
-73.4 -40.7
-73.4 -40.75
-73.45 -41.2
-73.45 -41.25
-73.5 -41.55
-73.55 -41.8
-73.6 -42.05
-73.65 -42.3
-73.7 -42.55
-73.75 -42.85
-73.75 -42.9
-73.8 -43.5
-73.8 -43.55
-73.8 -43.6
-73.8 -43.65
-73.8 -43.7
-73.8 -43.75
-73.8 -43.8
-73.8 -43.85
-73.8 -43.9
-73.8 -43.95
