-77.5 7.6
-77.5 7.55
-77.45 7.3
-77.45 7.25
-77.4 7.05
-77.35 6.85
-77.3 6.6
-77.25 6.25
-77.25 6.2
-77.25 6.15
-77.25 5.85
-77.25 5.8
-77.25 5.75
-77.25 5.7
-77.3 5.35
-77.35 5.1
-77.4 4.9
-77.45 4.7
-77.5 4.55
-77.65 4.15
-77.75 3.9
-77.8 3.8
-78 3.4
-78.05 3.3
-78.35 2.85
-78.5 2.65
-78.55 2.6
-78.95 2.15
-79 2.1
-79.25 1.8
-79.45 1.55
-79.85 0.95
-79.9 0.85
-80.1 0.45
-80.15 0.35
-80.3 0
-80.4 -0.25
-80.45 -0.4
-80.5 -0.55
-80.55 -0.75
-80.65 -1.15
-80.7 -1.4
-80.75 -1.65
-80.75 -1.7
-80.8 -2.15
-80.8 -2.2
-80.85 -2.7
-80.85 -2.75
-80.9 -3
-80.9 -3.05
-80.95 -3.3
-81 -3.5
-81 -3.55
-81.05 -3.8
-81.1 -4.15
-81.1 -4.2
-81.15 -4.7
-81.15 -4.75
-81.15 -4.8
-81.15 -4.85
-81.15 -4.9
-81.15 -4.95
-81.15 -5
-81.15 -5.05
-81.15 -5.1
-81.15 -5.15
-81.15 -5.2
-81.15 -5.25
-81.15 -5.3
-81.1 -5.75
-81.1 -5.8
-81.05 -6.05
-81 -6.25
-80.95 -6.45
-80.9 -6.6
-80.85 -6.75
-80.8 -6.9
-80.75 -7
-80.7 -7.15
-80.65 -7.25
-80.55 -7.5
-80.45 -7.75
-80.4 -7.85
-80.3 -8.1
-80.25 -8.2
-80.1 -8.55
-80.05 -8.65
-79.95 -8.9
-79.9 -9
-79.85 -9.1
-79.8 -9.2
-79.7 -9.4
-79.65 -9.5
-79.6 -9.6
-79.5 -9.75
-79.45 -9.85
-79.35 -10
-79.25 -10.15
-79.1 -10.35
-79 -10.5
-78.75 -10.85
-78.65 -11
-78.5 -11.25
-78.4 -11.4
-78.3 -11.55
-78.15 -11.8
-78.05 -11.95
-77.9 -12.15
-77.8 -12.3
-77.75 -12.35
-77.6 -12.55
-77.55 -12.6
-77.35 -12.85
-77.15 -13.1
-77 -13.3
-76.9 -13.45
-76.75 -13.65
-76.65 -13.8
-76.5 -14
-76.35 -14.2
-76.3 -14.25
-76.15 -14.45
-76 -14.65
-75.95 -14.7
-75.75 -14.95
-75.15 -15.55
-75.1 -15.6
-74.8 -15.85
-74.6 -16
-74.4 -16.15
-74.35 -16.2
-74.15 -16.35
-74 -16.45
-73.8 -16.6
-73.65 -16.7
-73.3 -16.95
-73.15 -17.05
-73 -17.15
-72.8 -17.3
-72.6 -17.45
-72.35 -17.65
-72.1 -17.85
-72.05 -17.9
-71.5 -18.45
-71.45 -18.5
-71.35 -18.65
-71.25 -18.8
-71.2 -18.9
-71.15 -19
-71.1 -19.1
-71.05 -19.2
-71 -19.3
-70.9 -19.55
-70.75 -20
-70.7 -20.2
-70.65 -20.4
-70.6 -20.65
-70.6 -20.7
-70.55 -21.05
-70.55 -21.1
-70.55 -21.15
-70.55 -21.2
-70.55 -22.4
-70.55 -22.45
-70.55 -22.5
-70.55 -22.55
-70.6 -22.95
-70.6 -23
-70.6 -23.05
-70.65 -23.45
-70.65 -23.5
-70.7 -23.8
-70.7 -23.85
-70.7 -23.9
-70.75 -24.15
-70.75 -24.2
-70.8 -24.45
-70.8 -24.5
-70.85 -24.85
-70.85 -24.9
-70.85 -24.95
-70.9 -26.4
-70.9 -26.45
-70.95 -26.8
-70.95 -26.85
-71 -27.1
-71 -27.15
-71.05 -27.4
-71.1 -27.6
-71.15 -27.8
-71.2 -28
-71.45 -28.8
-71.5 -28.95
-71.55 -29.15
-71.6 -29.35
-71.65 -29.65
-71.7 -30
-71.7 -30.05
-71.75 -30.45
-71.75 -30.5
-71.75 -30.55
-71.8 -31.1
-71.8 -31.15
-71.8 -31.2
-71.8 -31.25
-71.85 -31.95
-71.85 -32
-71.85 -32.05
-71.85 -32.1
-71.85 -32.15
-71.85 -32.2
-71.9 -33.15
-71.9 -33.2
-71.9 -33.25
-71.95 -33.5
-71.95 -33.55
-72 -33.75
-72.05 -33.9
-72.1 -34.05
-72.15 -34.15
-72.25 -34.4
-72.3 -34.5
-72.35 -34.6
-72.4 -34.7
-72.45 -34.8
-72.6 -35.05
-72.65 -35.15
-72.75 -35.3
-72.85 -35.45
-72.95 -35.6
-73 -35.7
-73.1 -35.85
-73.15 -35.95
-73.2 -36.05
-73.25 -36.15
-73.3 -36.3
-73.35 -36.45
-73.4 -36.6
-73.4 -36.65
-73.45 -36.85
-73.45 -36.9
-73.5 -37.1
-73.5 -37.15
-73.55 -37.4
-73.55 -37.45
-73.6 -37.7
-73.6 -37.75
-73.65 -37.95
-73.65 -38
-73.7 -38.2
-73.7 -38.25
-73.75 -38.45
-73.75 -38.5
-73.8 -38.7
-73.8 -38.75
-73.85 -39
-73.85 -39.05
-73.9 -39.35
-73.9 -39.4
-73.95 -39.75
-73.95 -39.8
-73.95 -39.85
-73.95 -39.9
-74 -40.55
-74 -40.6
-74 -40.65
-74 -40.7
-74.05 -41.05
-74.05 -41.1
-74.05 -41.15
-74.1 -41.4
-74.1 -41.45
-74.15 -41.7
-74.15 -41.75
-74.2 -42
-74.2 -42.05
-74.25 -42.35
-74.25 -42.4
-74.3 -42.7
-74.3 -42.75
-74.3 -42.8
-74.35 -43.3
-74.35 -43.35
-74.35 -43.4
-74.35 -43.45
-74.35 -43.5
-74.35 -43.55
-74.35 -43.6
-74.35 -43.65
-74.35 -43.7
-74.35 -43.75
-74.35 -43.8
-74.35 -43.85
-74.4 -44.45
-74.4 -44.5
-74.45 -44.7
-74.5 -44.85
-74.55 -45
