-73.2 10.75
-73.15 10.55
-73.15 10.1
-73.2 9.75
-73.25 9.45
-73.3 9.15
-73.3 9.1
-73.35 8.7
-73.35 8.65
-73.4 8.1
-73.4 8.05
-73.45 7.55
-73.5 7.25
-73.6 6.85
-73.65 6.7
-73.75 6.45
-73.8 6.35
-73.85 6.25
-73.9 6.15
-74.1 5.85
-74.3 5.65
-75.15 5.35
-75.3 5.3
-75.75 5.05
-76.1 4.7
-76.2 4.55
-76.55 3.85
-76.7 3.45
-76.75 3.3
-76.9 2.9
-77.2 2.3
-77.3 2.15
-77.45 1.95
-77.65 1.7
-77.9 1.4
-78.25 0.9
-78.45 0.55
-78.5 0.45
-78.55 0.35
-78.6 0.25
-78.65 0.15
-78.7 0.05
-78.75 -0.05
-78.85 -0.3
-78.9 -0.45
-78.95 -0.6
-79 -0.85
-79 -0.9
-79 -1.5
-79 -1.55
-78.95 -1.75
-78.9 -1.85
-78.85 -1.95
-78.8 -2.05
-78.75 -2.1
-78.5 -2.35
-78.2 -2.55
-78.1 -2.6
-78 -2.65
-77.9 -2.7
-77.8 -2.75
-77.7 -2.8
-77.6 -2.85
-77.5 -2.9
-77.4 -2.95
-77.3 -3
-77.2 -3.05
-76.95 -3.2
-76.85 -3.25
-76.8 -3.3
-76.65 -3.4
-76.6 -3.45
-76.55 -3.5
-76.45 -3.65
-76.4 -3.8
-76.35 -4
-76.35 -4.05
-76.35 -4.1
-76.35 -4.15
-76.35 -4.2
-76.35 -4.25
-76.35 -4.3
-76.3 -4.75
-76.3 -4.8
-76.3 -4.85
-76.25 -5.1
-76.25 -5.15
-76.25 -5.2
-76.2 -5.5
-76.2 -5.55
-76.2 -5.6
-76.2 -5.65
-76.25 -5.85
-76.25 -5.9
-76.3 -5.95
-76.3 -6
-76.35 -6.05
-76.45 -6.1
-76.4 -6.1
-76.95 -6.15
-76.9 -6.15
-76.85 -6.15
-76.8 -6.15
-76.75 -6.15
-76.7 -6.15
-76.65 -6.15
-76.6 -6.15
-76.55 -6.15
-76.5 -6.15
-77.1 -6.2
-77.05 -6.2
-77 -6.2
-76.95 -6.2
-77.15 -6.25
-77.1 -6.25
-77.2 -6.3
-77.25 -6.35
-77.3 -6.4
-77.25 -6.4
-77.3 -6.45
-77.35 -6.5
-77.3 -6.5
-77.35 -6.55
-77.35 -6.6
-77.35 -6.65
-77.35 -6.7
-77.35 -6.75
-77.35 -6.8
-77.35 -6.85
-77.3 -6.9
-77.3 -6.95
-77.3 -7
-77.25 -7.05
-77.25 -7.1
-77.2 -7.15
-77.2 -7.2
-77.15 -7.2
-77.15 -7.25
-75.8 -7.25
-77.1 -7.3
-75.9 -7.3
-75.85 -7.3
-75.8 -7.3
-75.75 -7.3
-75.7 -7.3
-75.65 -7.3
-77.1 -7.35
-77.05 -7.35
-75.95 -7.35
-75.9 -7.35
-75.6 -7.35
-77.05 -7.4
-76 -7.4
-75.95 -7.4
-75.55 -7.4
-77 -7.45
-76.05 -7.45
-76 -7.45
-75.5 -7.45
-76.95 -7.5
-76.05 -7.5
-75.45 -7.5
-76.95 -7.55
-76.9 -7.55
-76.1 -7.55
-76.9 -7.6
-76.85 -7.6
-76.15 -7.6
-76.1 -7.6
-75.4 -7.6
-76.85 -7.65
-76.8 -7.65
-76.2 -7.65
-76.15 -7.65
-76.8 -7.7
-76.75 -7.7
-76.2 -7.7
-75.35 -7.7
-76.75 -7.75
-76.7 -7.75
-76.25 -7.75
-76.2 -7.75
-76.65 -7.8
-76.6 -7.8
-76.35 -7.8
-76.3 -7.8
-76.25 -7.8
-75.3 -7.8
-76.6 -7.85
-76.55 -7.85
-76.5 -7.85
-76.45 -7.85
-76.4 -7.85
-76.35 -7.85
-76.3 -7.85
-75.3 -7.85
-76.5 -7.9
-76.45 -7.9
-76.4 -7.9
-76.35 -7.9
-75.25 -8.05
-75.25 -8.1
-75.25 -8.15
-75.25 -8.2
-75.25 -8.25
-75.25 -8.3
-75.25 -8.35
-75.25 -8.4
-75.25 -8.45
-75.3 -8.55
-76.1 -8.6
-76.05 -8.6
-75.3 -8.6
-75.25 -8.6
-76.1 -8.65
-76.05 -8.65
-76 -8.65
-75.25 -8.65
-76.1 -8.7
-76.05 -8.7
-76 -8.7
-75.95 -8.7
-75.25 -8.7
-76.05 -8.75
-76 -8.75
-75.95 -8.75
-75.25 -8.75
-75.25 -8.8
-75.2 -8.85
-75.2 -8.9
-75.15 -8.95
-75.15 -9
-75.1 -9.05
-75.1 -9.1
-75.05 -9.15
-75.05 -9.2
-75 -9.25
-74.95 -9.35
-74.9 -9.45
-74.85 -9.55
-74.75 -9.7
-74.7 -9.8
-74.6 -9.95
-74.55 -10
-74.45 -10.15
-74.4 -10.2
-74.25 -10.4
-74.2 -10.45
-74.15 -10.5
-73.6 -11.1
-73.55 -11.15
-73.5 -11.2
-73.45 -11.25
-73.4 -11.3
-73.2 -11.55
-73.05 -11.75
-72.9 -12
-72.85 -12.1
-72.8 -12.2
-72.75 -12.3
-72.7 -12.45
-72.7 -12.5
-72.65 -12.65
-72.65 -12.7
-72.65 -12.75
-72.6 -12.95
-72.6 -13
-72.6 -13.05
-72.55 -13.2
-72.5 -13.3
-72.5 -13.35
-72.45 -13.4
-72.4 -13.5
-72.3 -13.65
-72.25 -13.75
-72.2 -13.85
-72.15 -13.95
-72.1 -14.15
-72.1 -14.95
-72.1 -15
-72.1 -15.05
-72.1 -15.1
-72.1 -15.4
-72.1 -15.45
-72.05 -15.7
-72 -15.85
-71.95 -15.95
-71.9 -16.05
-71.8 -16.2
-71.4 -16.6
-71.2 -16.75
-71.05 -16.85
-70.9 -16.95
-70.65 -17.1
-70.35 -17.3
-70.1 -17.5
-70.05 -17.55
-70 -17.6
-69.95 -17.65
-69.75 -17.9
-69.55 -18.2
-69.4 -18.45
-69.35 -18.55
-69.3 -18.65
-69.25 -18.75
-69.2 -18.85
-69.15 -18.95
-69 -19.3
-68.9 -19.55
-68.75 -19.95
-68.7 -20.1
-68.65 -20.25
-68.6 -20.4
-68.55 -20.6
-68.5 -20.8
-68.45 -21
-68.45 -21.05
-68.4 -21.25
-68.35 -21.5
-68.35 -21.55
-68.3 -21.8
-68.3 -21.85
-68.25 -22.1
-68.2 -22.4
-68.15 -22.65
-68.1 -22.9
-68.05 -23.15
-68 -23.45
-67.95 -23.95
-67.95 -24
-67.95 -24.05
-67.95 -24.1
-67.95 -24.15
-67.95 -24.2
-67.95 -24.25
-67.95 -24.3
-67.95 -24.35
-67.95 -24.4
-67.95 -24.45
-67.95 -24.5
-67.95 -24.55
-67.95 -24.6
-67.95 -24.65
-67.95 -24.7
-67.95 -24.75
-67.95 -24.8
-67.95 -24.85
-67.95 -24.9
-67.95 -24.95
-67.95 -25.85
-67.95 -25.9
-67.95 -25.95
-68 -26.15
-68 -26.2
-68.05 -26.35
-68.05 -26.4
-68.1 -26.5
-68.1 -26.55
-68.15 -26.7
-68.15 -26.75
-68.2 -26.9
-68.2 -26.95
-68.2 -27
-68.2 -27.05
-68.2 -27.1
-68.15 -27.3
-68.15 -27.35
-68.1 -27.45
-68.1 -27.5
-68.05 -27.6
-68 -27.7
-68 -27.75
-67.95 -27.85
-67.9 -28
-67.85 -28.1
-67.85 -28.15
-67.8 -28.25
-67.75 -28.4
-67.7 -28.5
-67.7 -28.55
-67.65 -28.65
-67.6 -28.75
-67.55 -28.9
-67.5 -29
-67.45 -29.1
-67.4 -29.2
-67.35 -29.3
-67.3 -29.4
-67.25 -29.5
-67.2 -29.6
-67.15 -29.7
-67.1 -29.8
-67.05 -29.9
-67.05 -29.95
-67 -30.05
-66.95 -30.15
-66.95 -30.2
-66.9 -30.35
-66.9 -30.4
-66.9 -30.9
-66.9 -30.95
-66.95 -31.05
-69.65 -31.15
-69.6 -31.15
-69.55 -31.15
-67 -31.15
-69.7 -31.2
-69.65 -31.2
-69.6 -31.2
-69.55 -31.2
-69.5 -31.2
-69.45 -31.2
-69.75 -31.25
-69.7 -31.25
-69.45 -31.25
-69.4 -31.25
-67.05 -31.25
-69.75 -31.3
-69.4 -31.3
-67.1 -31.3
-69.75 -31.35
-69.35 -31.35
-67.15 -31.35
-69.8 -31.4
-69.3 -31.4
-67.2 -31.4
-69.8 -31.45
-69.3 -31.45
-69.25 -31.45
-69.8 -31.5
-69.25 -31.5
-67.35 -31.5
-69.8 -31.55
-69.2 -31.55
-69.8 -31.6
-69.15 -31.6
-67.5 -31.6
-69.8 -31.65
-69.1 -31.65
-67.6 -31.65
-69.8 -31.7
-69.05 -31.7
-69 -31.7
-67.7 -31.7
-69.8 -31.75
-68.95 -31.75
-67.8 -31.75
-69.8 -31.8
-68.85 -31.8
-68.8 -31.8
-67.95 -31.8
-68.7 -31.85
-68.65 -31.85
-68.15 -31.85
-68.1 -31.85
-69.75 -31.95
-69.75 -32
-69.75 -32.05
-69.75 -32.1
-69.75 -32.15
-69.75 -32.8
-69.75 -32.85
-69.75 -32.9
-69.8 -33.1
-69.85 -33.3
-69.9 -33.45
-69.95 -33.6
-70.4 -34.5
-70.45 -34.6
-70.5 -34.7
-70.55 -34.8
-70.7 -35.15
-70.8 -35.4
-71.25 -36.7
-71.3 -36.85
-71.5 -37.45
-71.6 -37.85
-71.65 -38.1
-71.7 -38.4
-71.75 -38.6
-71.8 -38.8
-71.85 -39
-71.9 -39.15
-71.95 -39.3
-72 -39.45
-72.1 -39.8
-72.15 -40.05
-72.2 -40.35
-72.2 -40.4
-72.25 -41.2
-72.25 -41.25
-72.3 -41.75
-72.35 -42.1
-72.4 -42.4
-72.45 -42.7
-72.5 -43
-72.5 -43.05
-72.55 -43.4
-72.6 -43.75
-72.6 -43.8
-72.65 -44.1
